power/h at streak x3, difficulty by opponent; AI time only (ours = 0). 95% CI: bootstrap over games.
arm                       n  won  black   area  frac  AIturns(min) pts/turn AIs/game(min) ms/reply  pts/AIs   power/h timer [95% CI]      +cpu   ceilA   ceilB
LIVE Tetrads             522  522   19.8   21.9  0.91    11.4(4)   1.74     13.6(3.9)     1198    1.456     23591 [22770-24776]    23591  110667   90294  (live wall clock 22387/h)
LIVE Tetrads no-stall    522  522   19.8   21.9  0.91    11.4(4)   1.74     11.9(3.9)     1051    1.661     26907 [26531-27445]    26907  110667   90363
5x5 model-live800         60   59   17.9   21.6  0.83    11.1(4)   1.62     11.6(4.2)     1051    1.537     24893 [22829-26601]    24217  109266   84253
5x5 uct3000               40   39   14.2   21.7  0.65     8.7(5)   1.63      9.5(4.8)     1096    1.487     24083 [21637-26235]    23669   87885   72482
7x7 uct3000               40   38   26.5   44.2  0.60    19.1(13)   1.39     20.5(14.2)     1072    1.296     20989 [18609-23083]    20037   68850   50461
7x7 uct10000              13   13   27.9   44.5  0.63    18.8(16)   1.49     20.1(17.5)     1070    1.390     22526 [21199-23785]    21389   56272   41065
7x7 uct-area3000          16   13   24.8   44.5  0.56    20.3(14)   1.22     20.8(14.2)     1028    1.189     19269 [15677-22349]    17811   64366   50768
7x7 model-pow3000          9    9   34.0   44.0  0.77    26.9(20)   1.26     30.4(21.6)     1132    1.117     18103 [16866-19261]    17304   44550   32954
7x7 kg400 score           12    6   19.4   44.3  0.44    28.0(16)   0.69     28.9(16.4)     1031    0.673     10900 [5808-16640]    10694   56004   43710
9x9 uct3000               17   15   39.7   72.8  0.55    34.6(27)   1.15     36.7(27.3)     1060    1.081     17510 [14420-20233]    16442   54618   43246
9x9 kg400 score           10   10   41.4   73.9  0.56    36.8(32)   1.13     40.5(34.6)     1101    1.022     16558 [15036-17765]    16098   46765   34591
9x9 kg400 win             10    8   36.1   73.9  0.49    44.6(34)   0.81     47.0(35.8)     1055    0.767     12432 [7072-17296]    12103   44014   33413
13 uct3000                 8    8   84.3  156.1  0.54    68.8(60)   1.23     77.3(69.2)     1124    1.090     17663 [17196-18186]    15722   52692   36576
13 kg400 score             6    5   88.5  157.3  0.56    85.5(65)   1.04     97.2(75.3)     1137    0.911     14751 [11231-17303]    14042   49015   33831
13 kg400 win               6    5   83.2  157.3  0.53    85.8(74)   0.97     96.2(82.7)     1121    0.864     14000 [8889-17880]    13326   43054   30812
